10,245
10,181
10,126
10,75
10,279
10,123
10,223
10,210
10,2
11,17
9,7
9,6
9,4
9,2
9,3
8,10
8,15
8,7
8,6
8,17
2,2
2,1
2,3
53,5
53,4
53,3
53,2
53,1
53,0
52,4
52,3
52,2
52,1
52,0
51,4
51,3
51,2
51,1
51,0
50,4
50,3
50,2
50,1
50,0
49,3
49,2
49,1
49,0
20,3
20,2
20,1
19,3
19,2
19,1
18,3
18,1
14,3
14,1
13,3
13,1
12,3
12,2
12,1
11,30
11,29
11,28
11,27
11,26
11,25
11,24
11,23
11,22
11,21
11,20
11,19
11,16
11,15
11,14
11,13
11,11
11,9
11,8
11,7
11,6
11,5
11,4
11,3
11,2
11,1
10,312
10,308
10,305
10,304
10,298
10,297
10,295
10,293
10,291
